(kicad_pcb (version 20171130) (host pcbnew 5.1.7-a382d34a8~88~ubuntu18.04.1)

  (general
    (thickness 1.6)
    (drawings 6)
    (tracks 137)
    (zones 0)
    (modules 21)
    (nets 16)
  )

  (page A4)
  (layers
    (0 F.Cu signal)
    (31 B.Cu signal)
    (32 B.Adhes user)
    (33 F.Adhes user)
    (34 B.Paste user)
    (35 F.Paste user)
    (36 B.SilkS user)
    (37 F.SilkS user)
    (38 B.Mask user)
    (39 F.Mask user)
    (40 Dwgs.User user)
    (41 Cmts.User user)
    (42 Eco1.User user)
    (43 Eco2.User user)
    (44 Edge.Cuts user)
    (45 Margin user)
    (46 B.CrtYd user)
    (47 F.CrtYd user)
    (48 B.Fab user)
    (49 F.Fab user hide)
  )

  (setup
    (last_trace_width 0.25)
    (trace_clearance 0.2)
    (zone_clearance 0.508)
    (zone_45_only no)
    (trace_min 0.2)
    (via_size 0.8)
    (via_drill 0.4)
    (via_min_size 0.4)
    (via_min_drill 0.3)
    (uvia_size 0.3)
    (uvia_drill 0.1)
    (uvias_allowed no)
    (uvia_min_size 0.2)
    (uvia_min_drill 0.1)
    (edge_width 0.1)
    (segment_width 0.2)
    (pcb_text_width 0.3)
    (pcb_text_size 1.5 1.5)
    (mod_edge_width 0.15)
    (mod_text_size 1 1)
    (mod_text_width 0.15)
    (pad_size 1.524 1.524)
    (pad_drill 0.762)
    (pad_to_mask_clearance 0)
    (aux_axis_origin 0 0)
    (visible_elements FFFFFF7F)
    (pcbplotparams
      (layerselection 0x010fc_ffffffff)
      (usegerberextensions false)
      (usegerberattributes true)
      (usegerberadvancedattributes true)
      (creategerberjobfile true)
      (excludeedgelayer true)
      (linewidth 0.100000)
      (plotframeref false)
      (viasonmask false)
      (mode 1)
      (useauxorigin false)
      (hpglpennumber 1)
      (hpglpenspeed 20)
      (hpglpendiameter 15.000000)
      (psnegative false)
      (psa4output false)
      (plotreference true)
      (plotvalue true)
      (plotinvisibletext false)
      (padsonsilk false)
      (subtractmaskfromsilk false)
      (outputformat 1)
      (mirror false)
      (drillshape 1)
      (scaleselection 1)
      (outputdirectory ""))
  )

  (net 0 "")
  (net 1 +24V)
  (net 2 GND)
  (net 3 RST)
  (net 4 +5V)
  (net 5 "Net-(C4-Pad2)")
  (net 6 "Net-(C5-Pad2)")
  (net 7 "Net-(C6-Pad1)")
  (net 8 "Net-(C7-Pad1)")
  (net 9 "Net-(C7-Pad2)")
  (net 10 MOSI)
  (net 11 SCK)
  (net 12 MISO)
  (net 13 "Net-(J3-Pad8)")
  (net 14 "Net-(R2-Pad2)")
  (net 15 "Net-(D1-Pad2)")

  (net_class Default "This is the default net class."
    (clearance 0.2)
    (trace_width 0.25)
    (via_dia 0.8)
    (via_drill 0.4)
    (uvia_dia 0.3)
    (uvia_drill 0.1)
    (add_net +24V)
    (add_net +5V)
    (add_net GND)
    (add_net MISO)
    (add_net MOSI)
    (add_net "Net-(C4-Pad2)")
    (add_net "Net-(C5-Pad2)")
    (add_net "Net-(C6-Pad1)")
    (add_net "Net-(C7-Pad1)")
    (add_net "Net-(C7-Pad2)")
    (add_net "Net-(D1-Pad2)")
    (add_net "Net-(J3-Pad8)")
    (add_net "Net-(R2-Pad2)")
    (add_net RST)
    (add_net SCK)
  )

  (module Diode_SMD:D_MELF_Handsoldering (layer F.Cu) (tedit 5905D89D) (tstamp 6010C48C)
    (at 74.07 100.584 180)
    (descr "Diode MELF Handsoldering")
    (tags "Diode MELF Handsoldering")
    (path /6022377F)
    (attr smd)
    (fp_text reference D1 (at 6.506 0) (layer F.SilkS)
      (effects (font (size 1 1) (thickness 0.15)))
    )
    (fp_text value 1N4002 (at 0 2.25) (layer F.Fab)
      (effects (font (size 1 1) (thickness 0.15)))
    )
    (fp_text user %R (at 0 -2.25) (layer F.Fab)
      (effects (font (size 1 1) (thickness 0.15)))
    )
    (fp_line (start 3.4 -1.5) (end -5.3 -1.5) (layer F.SilkS) (width 0.12))
    (fp_line (start -5.3 -1.5) (end -5.3 1.5) (layer F.SilkS) (width 0.12))
    (fp_line (start -5.3 1.5) (end 3.4 1.5) (layer F.SilkS) (width 0.12))
    (fp_line (start 2.6 -1.3) (end -2.6 -1.3) (layer F.Fab) (width 0.1))
    (fp_line (start -2.6 -1.3) (end -2.6 1.3) (layer F.Fab) (width 0.1))
    (fp_line (start -2.6 1.3) (end 2.6 1.3) (layer F.Fab) (width 0.1))
    (fp_line (start 2.6 1.3) (end 2.6 -1.3) (layer F.Fab) (width 0.1))
    (fp_line (start -0.64944 0.00102) (end -1.55114 0.00102) (layer F.Fab) (width 0.1))
    (fp_line (start 0.50118 0.00102) (end 1.4994 0.00102) (layer F.Fab) (width 0.1))
    (fp_line (start -0.64944 -0.79908) (end -0.64944 0.80112) (layer F.Fab) (width 0.1))
    (fp_line (start 0.50118 0.75032) (end 0.50118 -0.79908) (layer F.Fab) (width 0.1))
    (fp_line (start -0.64944 0.00102) (end 0.50118 0.75032) (layer F.Fab) (width 0.1))
    (fp_line (start -0.64944 0.00102) (end 0.50118 -0.79908) (layer F.Fab) (width 0.1))
    (fp_line (start -5.4 -1.6) (end 5.4 -1.6) (layer F.CrtYd) (width 0.05))
    (fp_line (start 5.4 -1.6) (end 5.4 1.6) (layer F.CrtYd) (width 0.05))
    (fp_line (start 5.4 1.6) (end -5.4 1.6) (layer F.CrtYd) (width 0.05))
    (fp_line (start -5.4 1.6) (end -5.4 -1.6) (layer F.CrtYd) (width 0.05))
    (pad 2 smd rect (at 3.4 0 180) (size 3.5 2.7) (layers F.Cu F.Paste F.Mask)
      (net 15 "Net-(D1-Pad2)"))
    (pad 1 smd rect (at -3.4 0 180) (size 3.5 2.7) (layers F.Cu F.Paste F.Mask)
      (net 1 +24V))
    (model ${KISYS3DMOD}/Diode_SMD.3dshapes/D_MELF.wrl
      (at (xyz 0 0 0))
      (scale (xyz 1 1 1))
      (rotate (xyz 0 0 0))
    )
  )

  (module Capacitor_SMD:C_0805_2012Metric_Pad1.18x1.45mm_HandSolder (layer F.Cu) (tedit 5F68FEEF) (tstamp 6010922D)
    (at 73.66 92.9855 90)
    (descr "Capacitor SMD 0805 (2012 Metric), square (rectangular) end terminal, IPC_7351 nominal with elongated pad for handsoldering. (Body size source: IPC-SM-782 page 76, https://www.pcb-3d.com/wordpress/wp-content/uploads/ipc-sm-782a_amendment_1_and_2.pdf, https://docs.google.com/spreadsheets/d/1BsfQQcO9C6DZCsRaXUlFlo91Tg2WpOkGARC1WS5S8t0/edit?usp=sharing), generated with kicad-footprint-generator")
    (tags "capacitor handsolder")
    (path /6015C630)
    (attr smd)
    (fp_text reference C1 (at 0 -1.68 90) (layer F.SilkS)
      (effects (font (size 1 1) (thickness 0.15)))
    )
    (fp_text value 330nF (at 0 1.68 90) (layer F.Fab)
      (effects (font (size 1 1) (thickness 0.15)))
    )
    (fp_line (start 1.88 0.98) (end -1.88 0.98) (layer F.CrtYd) (width 0.05))
    (fp_line (start 1.88 -0.98) (end 1.88 0.98) (layer F.CrtYd) (width 0.05))
    (fp_line (start -1.88 -0.98) (end 1.88 -0.98) (layer F.CrtYd) (width 0.05))
    (fp_line (start -1.88 0.98) (end -1.88 -0.98) (layer F.CrtYd) (width 0.05))
    (fp_line (start -0.261252 0.735) (end 0.261252 0.735) (layer F.SilkS) (width 0.12))
    (fp_line (start -0.261252 -0.735) (end 0.261252 -0.735) (layer F.SilkS) (width 0.12))
    (fp_line (start 1 0.625) (end -1 0.625) (layer F.Fab) (width 0.1))
    (fp_line (start 1 -0.625) (end 1 0.625) (layer F.Fab) (width 0.1))
    (fp_line (start -1 -0.625) (end 1 -0.625) (layer F.Fab) (width 0.1))
    (fp_line (start -1 0.625) (end -1 -0.625) (layer F.Fab) (width 0.1))
    (fp_text user %R (at 0 0 90) (layer F.Fab)
      (effects (font (size 0.5 0.5) (thickness 0.08)))
    )
    (pad 1 smd roundrect (at -1.0375 0 90) (size 1.175 1.45) (layers F.Cu F.Paste F.Mask) (roundrect_rratio 0.212766)
      (net 1 +24V))
    (pad 2 smd roundrect (at 1.0375 0 90) (size 1.175 1.45) (layers F.Cu F.Paste F.Mask) (roundrect_rratio 0.212766)
      (net 2 GND))
    (model ${KISYS3DMOD}/Capacitor_SMD.3dshapes/C_0805_2012Metric.wrl
      (at (xyz 0 0 0))
      (scale (xyz 1 1 1))
      (rotate (xyz 0 0 0))
    )
  )

  (module Capacitor_SMD:C_0805_2012Metric_Pad1.18x1.45mm_HandSolder (layer F.Cu) (tedit 5F68FEEF) (tstamp 6010923E)
    (at 117.094 78.2535 270)
    (descr "Capacitor SMD 0805 (2012 Metric), square (rectangular) end terminal, IPC_7351 nominal with elongated pad for handsoldering. (Body size source: IPC-SM-782 page 76, https://www.pcb-3d.com/wordpress/wp-content/uploads/ipc-sm-782a_amendment_1_and_2.pdf, https://docs.google.com/spreadsheets/d/1BsfQQcO9C6DZCsRaXUlFlo91Tg2WpOkGARC1WS5S8t0/edit?usp=sharing), generated with kicad-footprint-generator")
    (tags "capacitor handsolder")
    (path /6017BCC6)
    (attr smd)
    (fp_text reference C2 (at -2.8155 0 90) (layer F.SilkS)
      (effects (font (size 1 1) (thickness 0.15)))
    )
    (fp_text value 100nF (at 0 1.68 90) (layer F.Fab)
      (effects (font (size 1 1) (thickness 0.15)))
    )
    (fp_line (start 1.88 0.98) (end -1.88 0.98) (layer F.CrtYd) (width 0.05))
    (fp_line (start 1.88 -0.98) (end 1.88 0.98) (layer F.CrtYd) (width 0.05))
    (fp_line (start -1.88 -0.98) (end 1.88 -0.98) (layer F.CrtYd) (width 0.05))
    (fp_line (start -1.88 0.98) (end -1.88 -0.98) (layer F.CrtYd) (width 0.05))
    (fp_line (start -0.261252 0.735) (end 0.261252 0.735) (layer F.SilkS) (width 0.12))
    (fp_line (start -0.261252 -0.735) (end 0.261252 -0.735) (layer F.SilkS) (width 0.12))
    (fp_line (start 1 0.625) (end -1 0.625) (layer F.Fab) (width 0.1))
    (fp_line (start 1 -0.625) (end 1 0.625) (layer F.Fab) (width 0.1))
    (fp_line (start -1 -0.625) (end 1 -0.625) (layer F.Fab) (width 0.1))
    (fp_line (start -1 0.625) (end -1 -0.625) (layer F.Fab) (width 0.1))
    (fp_text user %R (at 0 0 90) (layer F.Fab)
      (effects (font (size 0.5 0.5) (thickness 0.08)))
    )
    (pad 1 smd roundrect (at -1.0375 0 270) (size 1.175 1.45) (layers F.Cu F.Paste F.Mask) (roundrect_rratio 0.212766)
      (net 3 RST))
    (pad 2 smd roundrect (at 1.0375 0 270) (size 1.175 1.45) (layers F.Cu F.Paste F.Mask) (roundrect_rratio 0.212766)
      (net 2 GND))
    (model ${KISYS3DMOD}/Capacitor_SMD.3dshapes/C_0805_2012Metric.wrl
      (at (xyz 0 0 0))
      (scale (xyz 1 1 1))
      (rotate (xyz 0 0 0))
    )
  )

  (module Capacitor_SMD:C_0805_2012Metric_Pad1.18x1.45mm_HandSolder (layer F.Cu) (tedit 5F68FEEF) (tstamp 6010924F)
    (at 92.202 93.4505 90)
    (descr "Capacitor SMD 0805 (2012 Metric), square (rectangular) end terminal, IPC_7351 nominal with elongated pad for handsoldering. (Body size source: IPC-SM-782 page 76, https://www.pcb-3d.com/wordpress/wp-content/uploads/ipc-sm-782a_amendment_1_and_2.pdf, https://docs.google.com/spreadsheets/d/1BsfQQcO9C6DZCsRaXUlFlo91Tg2WpOkGARC1WS5S8t0/edit?usp=sharing), generated with kicad-footprint-generator")
    (tags "capacitor handsolder")
    (path /6015CC3E)
    (attr smd)
    (fp_text reference C3 (at -3.0695 0.254 90) (layer F.SilkS)
      (effects (font (size 1 1) (thickness 0.15)))
    )
    (fp_text value 100nF (at 0 1.68 90) (layer F.Fab)
      (effects (font (size 1 1) (thickness 0.15)))
    )
    (fp_text user %R (at 0 0 90) (layer F.Fab)
      (effects (font (size 0.5 0.5) (thickness 0.08)))
    )
    (fp_line (start -1 0.625) (end -1 -0.625) (layer F.Fab) (width 0.1))
    (fp_line (start -1 -0.625) (end 1 -0.625) (layer F.Fab) (width 0.1))
    (fp_line (start 1 -0.625) (end 1 0.625) (layer F.Fab) (width 0.1))
    (fp_line (start 1 0.625) (end -1 0.625) (layer F.Fab) (width 0.1))
    (fp_line (start -0.261252 -0.735) (end 0.261252 -0.735) (layer F.SilkS) (width 0.12))
    (fp_line (start -0.261252 0.735) (end 0.261252 0.735) (layer F.SilkS) (width 0.12))
    (fp_line (start -1.88 0.98) (end -1.88 -0.98) (layer F.CrtYd) (width 0.05))
    (fp_line (start -1.88 -0.98) (end 1.88 -0.98) (layer F.CrtYd) (width 0.05))
    (fp_line (start 1.88 -0.98) (end 1.88 0.98) (layer F.CrtYd) (width 0.05))
    (fp_line (start 1.88 0.98) (end -1.88 0.98) (layer F.CrtYd) (width 0.05))
    (pad 2 smd roundrect (at 1.0375 0 90) (size 1.175 1.45) (layers F.Cu F.Paste F.Mask) (roundrect_rratio 0.212766)
      (net 2 GND))
    (pad 1 smd roundrect (at -1.0375 0 90) (size 1.175 1.45) (layers F.Cu F.Paste F.Mask) (roundrect_rratio 0.212766)
      (net 4 +5V))
    (model ${KISYS3DMOD}/Capacitor_SMD.3dshapes/C_0805_2012Metric.wrl
      (at (xyz 0 0 0))
      (scale (xyz 1 1 1))
      (rotate (xyz 0 0 0))
    )
  )

  (module Capacitor_SMD:C_0805_2012Metric_Pad1.18x1.45mm_HandSolder (layer F.Cu) (tedit 5F68FEEF) (tstamp 60109CEC)
    (at 101.5785 82.296)
    (descr "Capacitor SMD 0805 (2012 Metric), square (rectangular) end terminal, IPC_7351 nominal with elongated pad for handsoldering. (Body size source: IPC-SM-782 page 76, https://www.pcb-3d.com/wordpress/wp-content/uploads/ipc-sm-782a_amendment_1_and_2.pdf, https://docs.google.com/spreadsheets/d/1BsfQQcO9C6DZCsRaXUlFlo91Tg2WpOkGARC1WS5S8t0/edit?usp=sharing), generated with kicad-footprint-generator")
    (tags "capacitor handsolder")
    (path /60156FA2)
    (attr smd)
    (fp_text reference C4 (at 0 -1.68) (layer F.SilkS)
      (effects (font (size 1 1) (thickness 0.15)))
    )
    (fp_text value 22pF (at 0 1.68) (layer F.Fab)
      (effects (font (size 1 1) (thickness 0.15)))
    )
    (fp_line (start 1.88 0.98) (end -1.88 0.98) (layer F.CrtYd) (width 0.05))
    (fp_line (start 1.88 -0.98) (end 1.88 0.98) (layer F.CrtYd) (width 0.05))
    (fp_line (start -1.88 -0.98) (end 1.88 -0.98) (layer F.CrtYd) (width 0.05))
    (fp_line (start -1.88 0.98) (end -1.88 -0.98) (layer F.CrtYd) (width 0.05))
    (fp_line (start -0.261252 0.735) (end 0.261252 0.735) (layer F.SilkS) (width 0.12))
    (fp_line (start -0.261252 -0.735) (end 0.261252 -0.735) (layer F.SilkS) (width 0.12))
    (fp_line (start 1 0.625) (end -1 0.625) (layer F.Fab) (width 0.1))
    (fp_line (start 1 -0.625) (end 1 0.625) (layer F.Fab) (width 0.1))
    (fp_line (start -1 -0.625) (end 1 -0.625) (layer F.Fab) (width 0.1))
    (fp_line (start -1 0.625) (end -1 -0.625) (layer F.Fab) (width 0.1))
    (fp_text user %R (at 0 0) (layer F.Fab)
      (effects (font (size 0.5 0.5) (thickness 0.08)))
    )
    (pad 1 smd roundrect (at -1.0375 0) (size 1.175 1.45) (layers F.Cu F.Paste F.Mask) (roundrect_rratio 0.212766)
      (net 2 GND))
    (pad 2 smd roundrect (at 1.0375 0) (size 1.175 1.45) (layers F.Cu F.Paste F.Mask) (roundrect_rratio 0.212766)
      (net 5 "Net-(C4-Pad2)"))
    (model ${KISYS3DMOD}/Capacitor_SMD.3dshapes/C_0805_2012Metric.wrl
      (at (xyz 0 0 0))
      (scale (xyz 1 1 1))
      (rotate (xyz 0 0 0))
    )
  )

  (module Capacitor_SMD:C_0805_2012Metric_Pad1.18x1.45mm_HandSolder (layer F.Cu) (tedit 5F68FEEF) (tstamp 60109271)
    (at 101.5785 85.09)
    (descr "Capacitor SMD 0805 (2012 Metric), square (rectangular) end terminal, IPC_7351 nominal with elongated pad for handsoldering. (Body size source: IPC-SM-782 page 76, https://www.pcb-3d.com/wordpress/wp-content/uploads/ipc-sm-782a_amendment_1_and_2.pdf, https://docs.google.com/spreadsheets/d/1BsfQQcO9C6DZCsRaXUlFlo91Tg2WpOkGARC1WS5S8t0/edit?usp=sharing), generated with kicad-footprint-generator")
    (tags "capacitor handsolder")
    (path /60157C09)
    (attr smd)
    (fp_text reference C5 (at -0.2325 2.032) (layer F.SilkS)
      (effects (font (size 1 1) (thickness 0.15)))
    )
    (fp_text value 22pF (at 0 1.68) (layer F.Fab)
      (effects (font (size 1 1) (thickness 0.15)))
    )
    (fp_text user %R (at 0 0) (layer F.Fab)
      (effects (font (size 0.5 0.5) (thickness 0.08)))
    )
    (fp_line (start -1 0.625) (end -1 -0.625) (layer F.Fab) (width 0.1))
    (fp_line (start -1 -0.625) (end 1 -0.625) (layer F.Fab) (width 0.1))
    (fp_line (start 1 -0.625) (end 1 0.625) (layer F.Fab) (width 0.1))
    (fp_line (start 1 0.625) (end -1 0.625) (layer F.Fab) (width 0.1))
    (fp_line (start -0.261252 -0.735) (end 0.261252 -0.735) (layer F.SilkS) (width 0.12))
    (fp_line (start -0.261252 0.735) (end 0.261252 0.735) (layer F.SilkS) (width 0.12))
    (fp_line (start -1.88 0.98) (end -1.88 -0.98) (layer F.CrtYd) (width 0.05))
    (fp_line (start -1.88 -0.98) (end 1.88 -0.98) (layer F.CrtYd) (width 0.05))
    (fp_line (start 1.88 -0.98) (end 1.88 0.98) (layer F.CrtYd) (width 0.05))
    (fp_line (start 1.88 0.98) (end -1.88 0.98) (layer F.CrtYd) (width 0.05))
    (pad 2 smd roundrect (at 1.0375 0) (size 1.175 1.45) (layers F.Cu F.Paste F.Mask) (roundrect_rratio 0.212766)
      (net 6 "Net-(C5-Pad2)"))
    (pad 1 smd roundrect (at -1.0375 0) (size 1.175 1.45) (layers F.Cu F.Paste F.Mask) (roundrect_rratio 0.212766)
      (net 2 GND))
    (model ${KISYS3DMOD}/Capacitor_SMD.3dshapes/C_0805_2012Metric.wrl
      (at (xyz 0 0 0))
      (scale (xyz 1 1 1))
      (rotate (xyz 0 0 0))
    )
  )

  (module Capacitor_SMD:C_0805_2012Metric_Pad1.18x1.45mm_HandSolder (layer F.Cu) (tedit 5F68FEEF) (tstamp 60109282)
    (at 122.9575 80.264)
    (descr "Capacitor SMD 0805 (2012 Metric), square (rectangular) end terminal, IPC_7351 nominal with elongated pad for handsoldering. (Body size source: IPC-SM-782 page 76, https://www.pcb-3d.com/wordpress/wp-content/uploads/ipc-sm-782a_amendment_1_and_2.pdf, https://docs.google.com/spreadsheets/d/1BsfQQcO9C6DZCsRaXUlFlo91Tg2WpOkGARC1WS5S8t0/edit?usp=sharing), generated with kicad-footprint-generator")
    (tags "capacitor handsolder")
    (path /5FA2DCA1)
    (attr smd)
    (fp_text reference C6 (at 0 -1.68) (layer F.SilkS)
      (effects (font (size 1 1) (thickness 0.15)))
    )
    (fp_text value 1n (at 0 1.68) (layer F.Fab)
      (effects (font (size 1 1) (thickness 0.15)))
    )
    (fp_text user %R (at 0 0) (layer F.Fab)
      (effects (font (size 0.5 0.5) (thickness 0.08)))
    )
    (fp_line (start -1 0.625) (end -1 -0.625) (layer F.Fab) (width 0.1))
    (fp_line (start -1 -0.625) (end 1 -0.625) (layer F.Fab) (width 0.1))
    (fp_line (start 1 -0.625) (end 1 0.625) (layer F.Fab) (width 0.1))
    (fp_line (start 1 0.625) (end -1 0.625) (layer F.Fab) (width 0.1))
    (fp_line (start -0.261252 -0.735) (end 0.261252 -0.735) (layer F.SilkS) (width 0.12))
    (fp_line (start -0.261252 0.735) (end 0.261252 0.735) (layer F.SilkS) (width 0.12))
    (fp_line (start -1.88 0.98) (end -1.88 -0.98) (layer F.CrtYd) (width 0.05))
    (fp_line (start -1.88 -0.98) (end 1.88 -0.98) (layer F.CrtYd) (width 0.05))
    (fp_line (start 1.88 -0.98) (end 1.88 0.98) (layer F.CrtYd) (width 0.05))
    (fp_line (start 1.88 0.98) (end -1.88 0.98) (layer F.CrtYd) (width 0.05))
    (pad 2 smd roundrect (at 1.0375 0) (size 1.175 1.45) (layers F.Cu F.Paste F.Mask) (roundrect_rratio 0.212766)
      (net 2 GND))
    (pad 1 smd roundrect (at -1.0375 0) (size 1.175 1.45) (layers F.Cu F.Paste F.Mask) (roundrect_rratio 0.212766)
      (net 7 "Net-(C6-Pad1)"))
    (model ${KISYS3DMOD}/Capacitor_SMD.3dshapes/C_0805_2012Metric.wrl
      (at (xyz 0 0 0))
      (scale (xyz 1 1 1))
      (rotate (xyz 0 0 0))
    )
  )

  (module Capacitor_SMD:C_0805_2012Metric_Pad1.18x1.45mm_HandSolder (layer F.Cu) (tedit 5F68FEEF) (tstamp 6010AE69)
    (at 122.4065 88.138 180)
    (descr "Capacitor SMD 0805 (2012 Metric), square (rectangular) end terminal, IPC_7351 nominal with elongated pad for handsoldering. (Body size source: IPC-SM-782 page 76, https://www.pcb-3d.com/wordpress/wp-content/uploads/ipc-sm-782a_amendment_1_and_2.pdf, https://docs.google.com/spreadsheets/d/1BsfQQcO9C6DZCsRaXUlFlo91Tg2WpOkGARC1WS5S8t0/edit?usp=sharing), generated with kicad-footprint-generator")
    (tags "capacitor handsolder")
    (path /5FA38DE9)
    (attr smd)
    (fp_text reference C7 (at 2.7725 -0.254) (layer F.SilkS)
      (effects (font (size 1 1) (thickness 0.15)))
    )
    (fp_text value 10n (at 0 1.68) (layer F.Fab)
      (effects (font (size 1 1) (thickness 0.15)))
    )
    (fp_line (start 1.88 0.98) (end -1.88 0.98) (layer F.CrtYd) (width 0.05))
    (fp_line (start 1.88 -0.98) (end 1.88 0.98) (layer F.CrtYd) (width 0.05))
    (fp_line (start -1.88 -0.98) (end 1.88 -0.98) (layer F.CrtYd) (width 0.05))
    (fp_line (start -1.88 0.98) (end -1.88 -0.98) (layer F.CrtYd) (width 0.05))
    (fp_line (start -0.261252 0.735) (end 0.261252 0.735) (layer F.SilkS) (width 0.12))
    (fp_line (start -0.261252 -0.735) (end 0.261252 -0.735) (layer F.SilkS) (width 0.12))
    (fp_line (start 1 0.625) (end -1 0.625) (layer F.Fab) (width 0.1))
    (fp_line (start 1 -0.625) (end 1 0.625) (layer F.Fab) (width 0.1))
    (fp_line (start -1 -0.625) (end 1 -0.625) (layer F.Fab) (width 0.1))
    (fp_line (start -1 0.625) (end -1 -0.625) (layer F.Fab) (width 0.1))
    (fp_text user %R (at 0 0) (layer F.Fab)
      (effects (font (size 0.5 0.5) (thickness 0.08)))
    )
    (pad 1 smd roundrect (at -1.0375 0 180) (size 1.175 1.45) (layers F.Cu F.Paste F.Mask) (roundrect_rratio 0.212766)
      (net 8 "Net-(C7-Pad1)"))
    (pad 2 smd roundrect (at 1.0375 0 180) (size 1.175 1.45) (layers F.Cu F.Paste F.Mask) (roundrect_rratio 0.212766)
      (net 9 "Net-(C7-Pad2)"))
    (model ${KISYS3DMOD}/Capacitor_SMD.3dshapes/C_0805_2012Metric.wrl
      (at (xyz 0 0 0))
      (scale (xyz 1 1 1))
      (rotate (xyz 0 0 0))
    )
  )

  (module Connect:TerminalBlock_MetzConnect_Type059_RT06302HBWC_1x02_P3.50mm_Horizontal (layer F.Cu) (tedit 5B294EA0) (tstamp 601092BB)
    (at 70.612 83.312 270)
    (descr "terminal block Metz Connect Type059_RT06302HBWC, 2 pins, pitch 3.5mm, size 7x6.5mm^2, drill diamater 1.2mm, pad diameter 2.3mm, see http://www.metz-connect.com/de/system/files/productfiles/Datenblatt_310591_RT063xxHBWC_OFF-022684T.pdf, script-generated using https://github.com/pointhi/kicad-footprint-generator/scripts/TerminalBlock_MetzConnect")
    (tags "THT terminal block Metz Connect Type059_RT06302HBWC pitch 3.5mm size 7x6.5mm^2 drill 1.2mm pad 2.3mm")
    (path /6015D2A3)
    (fp_text reference J1 (at -4.064 -1.27 90) (layer F.SilkS)
      (effects (font (size 1 1) (thickness 0.15)))
    )
    (fp_text value Conn_01x02 (at 1.75 4.76 90) (layer F.Fab)
      (effects (font (size 1 1) (thickness 0.15)))
    )
    (fp_line (start 5.75 -3.3) (end -2.25 -3.3) (layer F.CrtYd) (width 0.05))
    (fp_line (start 5.75 4.2) (end 5.75 -3.3) (layer F.CrtYd) (width 0.05))
    (fp_line (start -2.25 4.2) (end 5.75 4.2) (layer F.CrtYd) (width 0.05))
    (fp_line (start -2.25 -3.3) (end -2.25 4.2) (layer F.CrtYd) (width 0.05))
    (fp_line (start -2.05 4) (end -0.55 4) (layer F.SilkS) (width 0.12))
    (fp_line (start -2.05 2.26) (end -2.05 4) (layer F.SilkS) (width 0.12))
    (fp_line (start 2.397 0.914) (end 2.321 0.99) (layer F.SilkS) (width 0.12))
    (fp_line (start 4.49 -1.18) (end 4.436 -1.126) (layer F.SilkS) (width 0.12))
    (fp_line (start 2.565 1.125) (end 2.511 1.18) (layer F.SilkS) (width 0.12))
    (fp_line (start 4.68 -0.99) (end 4.604 -0.914) (layer F.SilkS) (width 0.12))
    (fp_line (start 4.376 -1.043) (end 2.458 0.875) (layer F.Fab) (width 0.1))
    (fp_line (start 4.543 -0.875) (end 2.625 1.043) (layer F.Fab) (width 0.1))
    (fp_line (start 0.876 -1.043) (end -1.043 0.875) (layer F.Fab) (width 0.1))
    (fp_line (start 1.043 -0.875) (end -0.876 1.043) (layer F.Fab) (width 0.1))
    (fp_line (start 5.31 -2.86) (end 5.31 3.76) (layer F.SilkS) (width 0.12))
    (fp_line (start -1.81 -2.86) (end -1.81 3.76) (layer F.SilkS) (width 0.12))
    (fp_line (start -1.81 3.76) (end 5.31 3.76) (layer F.SilkS) (width 0.12))
    (fp_line (start -1.81 -2.86) (end 5.31 -2.86) (layer F.SilkS) (width 0.12))
    (fp_line (start -1.81 2.2) (end 5.31 2.2) (layer F.SilkS) (width 0.12))
    (fp_line (start -1.75 2.2) (end 5.25 2.2) (layer F.Fab) (width 0.1))
    (fp_line (start -1.75 2.2) (end -1.75 -2.8) (layer F.Fab) (width 0.1))
    (fp_line (start -0.25 3.7) (end -1.75 2.2) (layer F.Fab) (width 0.1))
    (fp_line (start 5.25 3.7) (end -0.25 3.7) (layer F.Fab) (width 0.1))
    (fp_line (start 5.25 -2.8) (end 5.25 3.7) (layer F.Fab) (width 0.1))
    (fp_line (start -1.75 -2.8) (end 5.25 -2.8) (layer F.Fab) (width 0.1))
    (fp_circle (center 3.5 0) (end 5.055 0) (layer F.SilkS) (width 0.12))
    (fp_circle (center 3.5 0) (end 4.875 0) (layer F.Fab) (width 0.1))
    (fp_circle (center 0 0) (end 1.375 0) (layer F.Fab) (width 0.1))
    (fp_arc (start 0 0) (end 0 1.555) (angle -27) (layer F.SilkS) (width 0.12))
    (fp_arc (start 0 0) (end 1.386 0.707) (angle -54) (layer F.SilkS) (width 0.12))
    (fp_arc (start 0 0) (end 0.707 -1.386) (angle -54) (layer F.SilkS) (width 0.12))
    (fp_arc (start 0 0) (end -1.386 -0.707) (angle -54) (layer F.SilkS) (width 0.12))
    (fp_arc (start 0 0) (end -0.707 1.386) (angle -28) (layer F.SilkS) (width 0.12))
    (fp_text user %R (at 1.75 2.95 90) (layer F.Fab)
      (effects (font (size 1 1) (thickness 0.15)))
    )
    (pad 1 thru_hole rect (at 0 0 270) (size 2.3 2.3) (drill 1.2) (layers *.Cu *.Mask)
      (net 2 GND))
    (pad 2 thru_hole circle (at 3.5 0 270) (size 2.3 2.3) (drill 1.2) (layers *.Cu *.Mask)
      (net 15 "Net-(D1-Pad2)"))
    (model ${KISYS3DMOD}/TerminalBlock_MetzConnect.3dshapes/TerminalBlock_MetzConnect_Type059_RT06302HBWC_1x02_P3.50mm_Horizontal.wrl
      (at (xyz 0 0 0))
      (scale (xyz 1 1 1))
      (rotate (xyz 0 0 0))
    )
  )

  (module Connector_SUB:DSUB-9_Female_Horizontal_P2.77x2.84mm_EdgePinOffset7.70mm_Housed_MountingHolesOffset9.12mm (layer F.Cu) (tedit 59FEDEE2) (tstamp 6010B790)
    (at 130.048 81.836 90)
    (descr "9-pin D-Sub connector, horizontal/angled (90 deg), THT-mount, female, pitch 2.77x2.84mm, pin-PCB-offset 7.699999999999999mm, distance of mounting holes 25mm, distance of mounting holes to PCB edge 9.12mm, see https://disti-assets.s3.amazonaws.com/tonar/files/datasheets/16730.pdf")
    (tags "9-pin D-Sub connector horizontal angled 90deg THT female pitch 2.77x2.84mm pin-PCB-offset 7.699999999999999mm mounting-holes-distance 25mm mounting-hole-offset 25mm")
    (path /6016868F)
    (fp_text reference J3 (at -5.54 -2.8 90) (layer F.SilkS)
      (effects (font (size 1 1) (thickness 0.15)))
    )
    (fp_text value DB9_Female_MountingHoles (at -5.54 18.61 90) (layer F.Fab)
      (effects (font (size 1 1) (thickness 0.15)))
    )
    (fp_line (start 10.4 -2.35) (end -21.5 -2.35) (layer F.CrtYd) (width 0.05))
    (fp_line (start 10.4 17.65) (end 10.4 -2.35) (layer F.CrtYd) (width 0.05))
    (fp_line (start -21.5 17.65) (end 10.4 17.65) (layer F.CrtYd) (width 0.05))
    (fp_line (start -21.5 -2.35) (end -21.5 17.65) (layer F.CrtYd) (width 0.05))
    (fp_line (start 0 -2.321325) (end -0.25 -2.754338) (layer F.SilkS) (width 0.12))
    (fp_line (start 0.25 -2.754338) (end 0 -2.321325) (layer F.SilkS) (width 0.12))
    (fp_line (start -0.25 -2.754338) (end 0.25 -2.754338) (layer F.SilkS) (width 0.12))
    (fp_line (start 9.945 -1.86) (end 9.945 10.48) (layer F.SilkS) (width 0.12))
    (fp_line (start -21.025 -1.86) (end 9.945 -1.86) (layer F.SilkS) (width 0.12))
    (fp_line (start -21.025 10.48) (end -21.025 -1.86) (layer F.SilkS) (width 0.12))
    (fp_line (start 8.56 10.54) (end 8.56 1.42) (layer F.Fab) (width 0.1))
    (fp_line (start 5.36 10.54) (end 5.36 1.42) (layer F.Fab) (width 0.1))
    (fp_line (start -16.44 10.54) (end -16.44 1.42) (layer F.Fab) (width 0.1))
    (fp_line (start -19.64 10.54) (end -19.64 1.42) (layer F.Fab) (width 0.1))
    (fp_line (start 9.46 10.94) (end 4.46 10.94) (layer F.Fab) (width 0.1))
    (fp_line (start 9.46 15.94) (end 9.46 10.94) (layer F.Fab) (width 0.1))
    (fp_line (start 4.46 15.94) (end 9.46 15.94) (layer F.Fab) (width 0.1))
    (fp_line (start 4.46 10.94) (end 4.46 15.94) (layer F.Fab) (width 0.1))
    (fp_line (start -15.54 10.94) (end -20.54 10.94) (layer F.Fab) (width 0.1))
    (fp_line (start -15.54 15.94) (end -15.54 10.94) (layer F.Fab) (width 0.1))
    (fp_line (start -20.54 15.94) (end -15.54 15.94) (layer F.Fab) (width 0.1))
    (fp_line (start -20.54 10.94) (end -20.54 15.94) (layer F.Fab) (width 0.1))
    (fp_line (start 2.61 10.94) (end -13.69 10.94) (layer F.Fab) (width 0.1))
    (fp_line (start 2.61 17.11) (end 2.61 10.94) (layer F.Fab) (width 0.1))
    (fp_line (start -13.69 17.11) (end 2.61 17.11) (layer F.Fab) (width 0.1))
    (fp_line (start -13.69 10.94) (end -13.69 17.11) (layer F.Fab) (width 0.1))
    (fp_line (start 9.885 10.54) (end -20.965 10.54) (layer F.Fab) (width 0.1))
    (fp_line (start 9.885 10.94) (end 9.885 10.54) (layer F.Fab) (width 0.1))
    (fp_line (start -20.965 10.94) (end 9.885 10.94) (layer F.Fab) (width 0.1))
    (fp_line (start -20.965 10.54) (end -20.965 10.94) (layer F.Fab) (width 0.1))
    (fp_line (start 9.885 -1.8) (end -20.965 -1.8) (layer F.Fab) (width 0.1))
    (fp_line (start 9.885 10.54) (end 9.885 -1.8) (layer F.Fab) (width 0.1))
    (fp_line (start -20.965 10.54) (end 9.885 10.54) (layer F.Fab) (width 0.1))
    (fp_line (start -20.965 -1.8) (end -20.965 10.54) (layer F.Fab) (width 0.1))
    (fp_arc (start -18.04 1.42) (end -19.64 1.42) (angle 180) (layer F.Fab) (width 0.1))
    (fp_arc (start 6.96 1.42) (end 5.36 1.42) (angle 180) (layer F.Fab) (width 0.1))
    (fp_text user %R (at -5.54 14.025 90) (layer F.Fab)
      (effects (font (size 1 1) (thickness 0.15)))
    )
    (pad 1 thru_hole rect (at 0 0 90) (size 1.6 1.6) (drill 1) (layers *.Cu *.Mask))
    (pad 2 thru_hole circle (at -2.77 0 90) (size 1.6 1.6) (drill 1) (layers *.Cu *.Mask))
    (pad 3 thru_hole circle (at -5.54 0 90) (size 1.6 1.6) (drill 1) (layers *.Cu *.Mask))
    (pad 4 thru_hole circle (at -8.31 0 90) (size 1.6 1.6) (drill 1) (layers *.Cu *.Mask)
      (net 2 GND))
    (pad 5 thru_hole circle (at -11.08 0 90) (size 1.6 1.6) (drill 1) (layers *.Cu *.Mask))
    (pad 6 thru_hole circle (at -1.385 2.84 90) (size 1.6 1.6) (drill 1) (layers *.Cu *.Mask))
    (pad 7 thru_hole circle (at -4.155 2.84 90) (size 1.6 1.6) (drill 1) (layers *.Cu *.Mask))
    (pad 8 thru_hole circle (at -6.925 2.84 90) (size 1.6 1.6) (drill 1) (layers *.Cu *.Mask)
      (net 13 "Net-(J3-Pad8)"))
    (pad 9 thru_hole circle (at -9.695 2.84 90) (size 1.6 1.6) (drill 1) (layers *.Cu *.Mask))
    (pad 0 thru_hole circle (at -18.04 1.42 90) (size 4 4) (drill 3.2) (layers *.Cu *.Mask)
      (net 2 GND))
    (pad 0 thru_hole circle (at 6.96 1.42 90) (size 4 4) (drill 3.2) (layers *.Cu *.Mask)
      (net 2 GND))
    (model ${KISYS3DMOD}/Connector_Dsub.3dshapes/DSUB-9_Female_Horizontal_P2.77x2.84mm_EdgePinOffset7.70mm_Housed_MountingHolesOffset9.12mm.wrl
      (at (xyz 0 0 0))
      (scale (xyz 1 1 1))
      (rotate (xyz 0 0 0))
    )
  )

  (module Package_TO_SOT_SMD:SOT-23 (layer F.Cu) (tedit 5A02FF57) (tstamp 6010AA26)
    (at 122.936 84.328)
    (descr "SOT-23, Standard")
    (tags SOT-23)
    (path /5FA2B169)
    (attr smd)
    (fp_text reference Q1 (at 2.794 0) (layer F.SilkS)
      (effects (font (size 1 1) (thickness 0.15)))
    )
    (fp_text value BC817 (at 0 2.5) (layer F.Fab)
      (effects (font (size 1 1) (thickness 0.15)))
    )
    (fp_line (start 0.76 1.58) (end -0.7 1.58) (layer F.SilkS) (width 0.12))
    (fp_line (start 0.76 -1.58) (end -1.4 -1.58) (layer F.SilkS) (width 0.12))
    (fp_line (start -1.7 1.75) (end -1.7 -1.75) (layer F.CrtYd) (width 0.05))
    (fp_line (start 1.7 1.75) (end -1.7 1.75) (layer F.CrtYd) (width 0.05))
    (fp_line (start 1.7 -1.75) (end 1.7 1.75) (layer F.CrtYd) (width 0.05))
    (fp_line (start -1.7 -1.75) (end 1.7 -1.75) (layer F.CrtYd) (width 0.05))
    (fp_line (start 0.76 -1.58) (end 0.76 -0.65) (layer F.SilkS) (width 0.12))
    (fp_line (start 0.76 1.58) (end 0.76 0.65) (layer F.SilkS) (width 0.12))
    (fp_line (start -0.7 1.52) (end 0.7 1.52) (layer F.Fab) (width 0.1))
    (fp_line (start 0.7 -1.52) (end 0.7 1.52) (layer F.Fab) (width 0.1))
    (fp_line (start -0.7 -0.95) (end -0.15 -1.52) (layer F.Fab) (width 0.1))
    (fp_line (start -0.15 -1.52) (end 0.7 -1.52) (layer F.Fab) (width 0.1))
    (fp_line (start -0.7 -0.95) (end -0.7 1.5) (layer F.Fab) (width 0.1))
    (fp_text user %R (at 0 0 90) (layer F.Fab)
      (effects (font (size 0.5 0.5) (thickness 0.075)))
    )
    (pad 1 smd rect (at -1 -0.95) (size 0.9 0.8) (layers F.Cu F.Paste F.Mask)
      (net 7 "Net-(C6-Pad1)"))
    (pad 2 smd rect (at -1 0.95) (size 0.9 0.8) (layers F.Cu F.Paste F.Mask)
      (net 2 GND))
    (pad 3 smd rect (at 1 0) (size 0.9 0.8) (layers F.Cu F.Paste F.Mask)
      (net 9 "Net-(C7-Pad2)"))
    (model ${KISYS3DMOD}/Package_TO_SOT_SMD.3dshapes/SOT-23.wrl
      (at (xyz 0 0 0))
      (scale (xyz 1 1 1))
      (rotate (xyz 0 0 0))
    )
  )

  (module Package_TO_SOT_SMD:SOT-23 (layer F.Cu) (tedit 5A02FF57) (tstamp 60109380)
    (at 124.968 93.98)
    (descr "SOT-23, Standard")
    (tags SOT-23)
    (path /5FA3A1BC)
    (attr smd)
    (fp_text reference Q2 (at 1.27 -2.286) (layer F.SilkS)
      (effects (font (size 1 1) (thickness 0.15)))
    )
    (fp_text value BC807 (at 0 2.5) (layer F.Fab)
      (effects (font (size 1 1) (thickness 0.15)))
    )
    (fp_text user %R (at 0 0 90) (layer F.Fab)
      (effects (font (size 0.5 0.5) (thickness 0.075)))
    )
    (fp_line (start -0.7 -0.95) (end -0.7 1.5) (layer F.Fab) (width 0.1))
    (fp_line (start -0.15 -1.52) (end 0.7 -1.52) (layer F.Fab) (width 0.1))
    (fp_line (start -0.7 -0.95) (end -0.15 -1.52) (layer F.Fab) (width 0.1))
    (fp_line (start 0.7 -1.52) (end 0.7 1.52) (layer F.Fab) (width 0.1))
    (fp_line (start -0.7 1.52) (end 0.7 1.52) (layer F.Fab) (width 0.1))
    (fp_line (start 0.76 1.58) (end 0.76 0.65) (layer F.SilkS) (width 0.12))
    (fp_line (start 0.76 -1.58) (end 0.76 -0.65) (layer F.SilkS) (width 0.12))
    (fp_line (start -1.7 -1.75) (end 1.7 -1.75) (layer F.CrtYd) (width 0.05))
    (fp_line (start 1.7 -1.75) (end 1.7 1.75) (layer F.CrtYd) (width 0.05))
    (fp_line (start 1.7 1.75) (end -1.7 1.75) (layer F.CrtYd) (width 0.05))
    (fp_line (start -1.7 1.75) (end -1.7 -1.75) (layer F.CrtYd) (width 0.05))
    (fp_line (start 0.76 -1.58) (end -1.4 -1.58) (layer F.SilkS) (width 0.12))
    (fp_line (start 0.76 1.58) (end -0.7 1.58) (layer F.SilkS) (width 0.12))
    (pad 3 smd rect (at 1 0) (size 0.9 0.8) (layers F.Cu F.Paste F.Mask)
      (net 13 "Net-(J3-Pad8)"))
    (pad 2 smd rect (at -1 0.95) (size 0.9 0.8) (layers F.Cu F.Paste F.Mask)
      (net 1 +24V))
    (pad 1 smd rect (at -1 -0.95) (size 0.9 0.8) (layers F.Cu F.Paste F.Mask)
      (net 8 "Net-(C7-Pad1)"))
    (model ${KISYS3DMOD}/Package_TO_SOT_SMD.3dshapes/SOT-23.wrl
      (at (xyz 0 0 0))
      (scale (xyz 1 1 1))
      (rotate (xyz 0 0 0))
    )
  )

  (module Resistor_SMD:R_0805_2012Metric_Pad1.20x1.40mm_HandSolder (layer F.Cu) (tedit 5F68FEEE) (tstamp 60109391)
    (at 119.38 78.216 90)
    (descr "Resistor SMD 0805 (2012 Metric), square (rectangular) end terminal, IPC_7351 nominal with elongated pad for handsoldering. (Body size source: IPC-SM-782 page 72, https://www.pcb-3d.com/wordpress/wp-content/uploads/ipc-sm-782a_amendment_1_and_2.pdf), generated with kicad-footprint-generator")
    (tags "resistor handsolder")
    (path /6017B7AC)
    (attr smd)
    (fp_text reference R1 (at 2.778 0 90) (layer F.SilkS)
      (effects (font (size 1 1) (thickness 0.15)))
    )
    (fp_text value 10K (at 0 1.65 90) (layer F.Fab)
      (effects (font (size 1 1) (thickness 0.15)))
    )
    (fp_text user %R (at 0 0 90) (layer F.Fab)
      (effects (font (size 0.5 0.5) (thickness 0.08)))
    )
    (fp_line (start -1 0.625) (end -1 -0.625) (layer F.Fab) (width 0.1))
    (fp_line (start -1 -0.625) (end 1 -0.625) (layer F.Fab) (width 0.1))
    (fp_line (start 1 -0.625) (end 1 0.625) (layer F.Fab) (width 0.1))
    (fp_line (start 1 0.625) (end -1 0.625) (layer F.Fab) (width 0.1))
    (fp_line (start -0.227064 -0.735) (end 0.227064 -0.735) (layer F.SilkS) (width 0.12))
    (fp_line (start -0.227064 0.735) (end 0.227064 0.735) (layer F.SilkS) (width 0.12))
    (fp_line (start -1.85 0.95) (end -1.85 -0.95) (layer F.CrtYd) (width 0.05))
    (fp_line (start -1.85 -0.95) (end 1.85 -0.95) (layer F.CrtYd) (width 0.05))
    (fp_line (start 1.85 -0.95) (end 1.85 0.95) (layer F.CrtYd) (width 0.05))
    (fp_line (start 1.85 0.95) (end -1.85 0.95) (layer F.CrtYd) (width 0.05))
    (pad 2 smd roundrect (at 1 0 90) (size 1.2 1.4) (layers F.Cu F.Paste F.Mask) (roundrect_rratio 0.208333)
      (net 3 RST))
    (pad 1 smd roundrect (at -1 0 90) (size 1.2 1.4) (layers F.Cu F.Paste F.Mask) (roundrect_rratio 0.208333)
      (net 4 +5V))
    (model ${KISYS3DMOD}/Resistor_SMD.3dshapes/R_0805_2012Metric.wrl
      (at (xyz 0 0 0))
      (scale (xyz 1 1 1))
      (rotate (xyz 0 0 0))
    )
  )

  (module Resistor_SMD:R_0805_2012Metric_Pad1.20x1.40mm_HandSolder (layer F.Cu) (tedit 5F68FEEE) (tstamp 601093A2)
    (at 118.602 83.312 180)
    (descr "Resistor SMD 0805 (2012 Metric), square (rectangular) end terminal, IPC_7351 nominal with elongated pad for handsoldering. (Body size source: IPC-SM-782 page 72, https://www.pcb-3d.com/wordpress/wp-content/uploads/ipc-sm-782a_amendment_1_and_2.pdf), generated with kicad-footprint-generator")
    (tags "resistor handsolder")
    (path /5FA2CD1A)
    (attr smd)
    (fp_text reference R2 (at 0 -1.65) (layer F.SilkS)
      (effects (font (size 1 1) (thickness 0.15)))
    )
    (fp_text value 100K (at 0 1.65) (layer F.Fab)
      (effects (font (size 1 1) (thickness 0.15)))
    )
    (fp_line (start 1.85 0.95) (end -1.85 0.95) (layer F.CrtYd) (width 0.05))
    (fp_line (start 1.85 -0.95) (end 1.85 0.95) (layer F.CrtYd) (width 0.05))
    (fp_line (start -1.85 -0.95) (end 1.85 -0.95) (layer F.CrtYd) (width 0.05))
    (fp_line (start -1.85 0.95) (end -1.85 -0.95) (layer F.CrtYd) (width 0.05))
    (fp_line (start -0.227064 0.735) (end 0.227064 0.735) (layer F.SilkS) (width 0.12))
    (fp_line (start -0.227064 -0.735) (end 0.227064 -0.735) (layer F.SilkS) (width 0.12))
    (fp_line (start 1 0.625) (end -1 0.625) (layer F.Fab) (width 0.1))
    (fp_line (start 1 -0.625) (end 1 0.625) (layer F.Fab) (width 0.1))
    (fp_line (start -1 -0.625) (end 1 -0.625) (layer F.Fab) (width 0.1))
    (fp_line (start -1 0.625) (end -1 -0.625) (layer F.Fab) (width 0.1))
    (fp_text user %R (at 0 0) (layer F.Fab)
      (effects (font (size 0.5 0.5) (thickness 0.08)))
    )
    (pad 1 smd roundrect (at -1 0 180) (size 1.2 1.4) (layers F.Cu F.Paste F.Mask) (roundrect_rratio 0.208333)
      (net 7 "Net-(C6-Pad1)"))
    (pad 2 smd roundrect (at 1 0 180) (size 1.2 1.4) (layers F.Cu F.Paste F.Mask) (roundrect_rratio 0.208333)
      (net 14 "Net-(R2-Pad2)"))
    (model ${KISYS3DMOD}/Resistor_SMD.3dshapes/R_0805_2012Metric.wrl
      (at (xyz 0 0 0))
      (scale (xyz 1 1 1))
      (rotate (xyz 0 0 0))
    )
  )

  (module Resistor_SMD:R_0805_2012Metric_Pad1.20x1.40mm_HandSolder (layer F.Cu) (tedit 5F68FEEE) (tstamp 601093B3)
    (at 121.412 93.996 270)
    (descr "Resistor SMD 0805 (2012 Metric), square (rectangular) end terminal, IPC_7351 nominal with elongated pad for handsoldering. (Body size source: IPC-SM-782 page 72, https://www.pcb-3d.com/wordpress/wp-content/uploads/ipc-sm-782a_amendment_1_and_2.pdf), generated with kicad-footprint-generator")
    (tags "resistor handsolder")
    (path /5FA38195)
    (attr smd)
    (fp_text reference R3 (at 2.778 -0.254 90) (layer F.SilkS)
      (effects (font (size 1 1) (thickness 0.15)))
    )
    (fp_text value 1M (at 0 1.65 90) (layer F.Fab)
      (effects (font (size 1 1) (thickness 0.15)))
    )
    (fp_line (start 1.85 0.95) (end -1.85 0.95) (layer F.CrtYd) (width 0.05))
    (fp_line (start 1.85 -0.95) (end 1.85 0.95) (layer F.CrtYd) (width 0.05))
    (fp_line (start -1.85 -0.95) (end 1.85 -0.95) (layer F.CrtYd) (width 0.05))
    (fp_line (start -1.85 0.95) (end -1.85 -0.95) (layer F.CrtYd) (width 0.05))
    (fp_line (start -0.227064 0.735) (end 0.227064 0.735) (layer F.SilkS) (width 0.12))
    (fp_line (start -0.227064 -0.735) (end 0.227064 -0.735) (layer F.SilkS) (width 0.12))
    (fp_line (start 1 0.625) (end -1 0.625) (layer F.Fab) (width 0.1))
    (fp_line (start 1 -0.625) (end 1 0.625) (layer F.Fab) (width 0.1))
    (fp_line (start -1 -0.625) (end 1 -0.625) (layer F.Fab) (width 0.1))
    (fp_line (start -1 0.625) (end -1 -0.625) (layer F.Fab) (width 0.1))
    (fp_text user %R (at 0 0 90) (layer F.Fab)
      (effects (font (size 0.5 0.5) (thickness 0.08)))
    )
    (pad 1 smd roundrect (at -1 0 270) (size 1.2 1.4) (layers F.Cu F.Paste F.Mask) (roundrect_rratio 0.208333)
      (net 8 "Net-(C7-Pad1)"))
    (pad 2 smd roundrect (at 1 0 270) (size 1.2 1.4) (layers F.Cu F.Paste F.Mask) (roundrect_rratio 0.208333)
      (net 1 +24V))
    (model ${KISYS3DMOD}/Resistor_SMD.3dshapes/R_0805_2012Metric.wrl
      (at (xyz 0 0 0))
      (scale (xyz 1 1 1))
      (rotate (xyz 0 0 0))
    )
  )

  (module Resistor_SMD:R_0805_2012Metric_Pad1.20x1.40mm_HandSolder (layer F.Cu) (tedit 5F68FEEE) (tstamp 601093C4)
    (at 122.444 90.678)
